0000000
0000100
0001000
0001100
0002000
0002100
0003000
0003100
0004001
0004111
0010010
0010100
0011000
0011100
0012000
0012100
0013000
0013100
0014002
0014121
0020010
0020100
0021000
0021100
0022000
0022100
0023001
0023111
0024012
0024122
0100020
0100100
0101000
0101100
0102000
0102100
0103000
0103100
0104002
0104121
0110010
0110100
0111000
0111100
0112000
0112100
0113001
0113110
0114002
0114122
0120020
0120100
0121001
0121110
0122001
0122110
0123001
0123111
0124012
0124122
0200020
0200100
0201000
0201100
0202000
0202100
0203001
0203110
0204002
0204121
0210010
0210100
0211000
0211100
0212000
0212100
0213001
0213111
0214012
0214122
0220021
0220110
0221001
0221110
0222001
0222111
0223012
0223121
0224012
0224122
0300021
0300110
0301001
0301111
0302011
0302111
0303012
0303121
0304013
0304132
0310021
0310111
0311011
0311111
0312012
0312121
0313012
0313122
0314023
0314133
0320032
0320121
0321012
0321122
0322022
0322122
0323022
0323122
0324023
0324133
1000030
1000100
1001000
1001100
1002000
1002100
1003000
1003100
1004001
1004111
1010010
1010100
1011000
1011100
1012000
1012100
1013001
1013110
1014002
1014121
1020010
1020100
1021000
1021100
1022001
1022110
1023001
1023111
1024012
1024122
1100020
1100100
1101000
1101100
1102000
1102100
1103001
1103110
1104002
1104121
1110010
1110100
1111000
1111100
1112000
1112100
1113001
1113111
1114012
1114122
1120021
1120110
1121001
1121110
1122001
1122111
1123012
1123121
1124012
1124122
1200020
1200100
1201000
1201100
1202000
1202100
1203001
1203110
1204002
1204122
1210020
1210100
1211000
1211100
1212001
1212110
1213001
1213111
1214012
1214122
1220021
1220110
1221001
1221111
1222011
1222111
1223012
1223121
1224013
1224132
1300021
1300111
1301011
1301111
1302011
1302111
1303012
1303122
1304023
1304132
1310021
1310111
1311012
1311121
1312012
1312121
1313012
1313122
1314023
1314133
1320032
1320122
1321022
1321122
1322022
1322122
1323023
1323132
1324023
1324133
2000030
2000100
2001000
2001100
2002000
2002100
2003000
2003100
2004002
2004121
2010010
2010100
2011000
2011100
2012000
2012100
2013001
2013110
2014002
2014122
2020020
2020100
2021001
2021110
2022001
2022110
2023001
2023111
2024012
2024122
2100020
2100100
2101000
2101100
2102000
2102100
2103001
2103110
2104002
2104122
2110020
2110100
2111000
2111100
2112001
2112110
2113001
2113111
2114012
2114122
2120021
2120110
2121001
2121111
2122011
2122111
2123012
2123121
2124013
2124132
2200020
2200100
2201000
2201100
2202000
2202100
2203001
2203111
2204012
2204122
2210020
2210100
2211001
2211110
2212001
2212110
2213001
2213111
2214012
2214122
2220021
2220111
2221011
2221111
2222011
2222111
2223012
2223122
2224023
2224132
2300021
2300111
2301011
2301111
2302012
2302121
2303012
2303122
2304023
2304133
2310032
2310121
2311012
2311121
2312012
2312122
2313022
2313122
2314023
2314133
2320032
2320122
2321022
2321122
2322022
2322122
2323023
2323132
2324023
2324133
3000030
3000100
3001000
3001100
3002000
3002100
3003001
3003111
3004012
3004122
3010020
3010100
3011001
3011110
3012001
3012110
3013001
3013111
3014012
3014122
3020021
3020111
3021011
3021111
3022011
3022111
3023012
3023122
3024023
3024132
3100020
3100100
3101001
3101110
3102001
3102110
3103001
3103111
3104012
3104122
3110021
3110110
3111001
3111111
3112011
3112111
3113012
3113121
3114013
3114132
3120021
3120111
3121012
3121121
3122012
3122121
3123012
3123122
3124023
3124133
3200031
3200110
3201001
3201110
3202001
3202111
3203012
3203121
3204012
3204122
3210021
3210111
3211011
3211111
3212011
3212111
3213012
3213122
3214023
3214132
3220022
3220121
3221012
3221121
3222012
3222122
3223022
3223122
3224023
3224133
3300032
3300121
3301012
3301122
3302022
3302122
3303022
3303122
3304023
3304133
3310032
3310122
3311022
3311122
3312022
3312122
3313023
3313132
3314023
3314133
3320032
3320122
3321023
3321132
3322023
3322132
3323023
3323133
3324033
3324133
4000031
4000111
4001011
4001111
4002012
4002121
4003012
4003122
4004023
4004133
4010032
4010121
4011012
4011121
4012012
4012122
4013022
4013122
4014023
4014133
4020032
4020122
4021022
4021122
4022022
4022122
4023023
4023132
4024023
4024133
4100032
4100121
4101012
4101121
4102012
4102122
4103022
4103122
4104023
4104133
4110032
4110122
4111022
4111122
4112022
4112122
4113023
4113132
4114023
4114133
4120032
4120122
4121022
4121122
4122023
4122132
4123023
4123133
4124033
4124133
4200032
4200121
4201012
4201122
4202022
4202122
4203022
4203122
4204023
4204133
4210032
4210122
4211022
4211122
4212022
4212122
4213023
4213132
4214023
4214133
4220032
4220122
4221023
4221132
4222023
4222132
4223023
4223133
4224033
4224133
4300033
4300132
4301023
4301132
4302023
4302133
4303033
4303133
4304033
4304133
4310033
4310133
4311033
4311133
4312033
4312133
4313033
4313133
4314033
4314133
4320033
4320133
4321033
4321133
4322033
4322133
4323033
4323133
4324033
4324133