1111101
1111211
1112112
1112221
1113112
1113221
1114112
1114222
1115123
1115233
1121132
1121221
1122112
1122222
1123122
1123222
1124123
1124232
1125124
1125243
1131132
1131222
1132123
1132232
1133123
1133232
1134123
1134233
1135135
1135254
1211142
1211221
1212112
1212222
1213122
1213222
1214123
1214232
1215124
1215243
1221132
1221222
1222122
1222222
1223123
1223232
1224123
1224233
1225134
1225244
1231143
1231232
1232123
1232233
1233133
1233233
1234134
1234243
1235135
1235255
1311152
1311222
1312122
1312222
1313122
1313222
1314123
1314233
1315134
1315244
1321142
1321222
1322123
1322232
1323123
1323232
1324123
1324233
1325135
1325254
1331143
1331233
1332133
1332233
1333133
1333233
1334134
1334243
1335135
1335255
1411153
1411233
1412133
1412233
1413133
1413233
1414134
1414244
1415145
1415255
1421153
1421233
1422134
1422243
1423134
1423243
1424135
1424254
1425145
1425255
1431154
1431244
1432144
1432244
1433145
1433254
1434145
1434255
1435155
1435255
2111152
2111221
2112112
2112222
2113122
2113222
2114123
2114232
2115124
2115243
2121132
2121222
2122122
2122222
2123123
2123232
2124123
2124233
2125134
2125244
2131143
2131232
2132123
2132233
2133133
2133233
2134134
2134243
2135135
2135255
2211152
2211222
2212122
2212222
2213123
2213232
2214123
2214233
2215134
2215244
2221143
2221232
2222123
2222232
2223123
2223233
2224133
2224233
2225135
2225254
2231143
2231233
2232133
2232233
2233133
2233233
2234134
2234244
2235145
2235255
2311152
2311222
2312123
2312232
2313123
2313232
2314123
2314233
2315135
2315254
2321143
2321232
2322123
2322233
2323133
2323233
2324134
2324243
2325135
2325255
2331153
2331233
2332133
2332233
2333134
2333243
2334134
2334244
2335145
2335255
2411153
2411233
2412134
2412243
2413134
2413243
2414135
2414254
2415145
2415255
2421154
2421243
2422134
2422244
2423144
2423244
2424145
2424255
2425155
2425255
2431155
2431254
2432145
2432254
2433145
2433255
2434155
2434255
2435155
2435255
3111152
3111222
3112123
3112232
3113123
3113232
3114123
3114233
3115135
3115254
3121143
3121232
3122123
3122233
3123133
3123233
3124134
3124243
3125135
3125255
3131153
3131233
3132133
3132233
3133134
3133243
3134134
3134244
3135145
3135255
3211153
3211232
3212123
3212233
3213133
3213233
3214134
3214243
3215135
3215255
3221153
3221233
3222133
3222233
3223133
3223233
3224134
3224244
3225145
3225255
3231154
3231243
3232134
3232243
3233134
3233244
3234145
3234254
3235145
3235255
3311153
3311233
3312133
3312233
3313133
3313233
3314134
3314243
3315135
3315255
3321153
3321233
3322133
3322233
3323134
3323243
3324134
3324244
3325145
3325255
3331154
3331243
3332134
3332244
3333144
3333244
3334145
3334255
3335155
3335255
3411154
3411244
3412144
3412244
3413145
3413254
3414145
3414255
3415155
3415255
3421155
3421254
3422145
3422254
3423145
3423255
3424155
3424255
3425155
3425255
3431155
3431255
3432155
3432255
3433155
3433255
3434155
3434255
3435155
3435255
4111153
4111233
4112134
4112243
4113134
4113243
4114135
4114254
4115145
4115255
4121154
4121243
4122134
4122244
4123144
4123244
4124145
4124255
4125155
4125255
4131155
4131254
4132145
4132254
4133145
4133255
4134155
4134255
4135155
4135255
4211154
4211243
4212134
4212244
4213144
4213244
4214145
4214255
4215155
4215255
4221154
4221244
4222145
4222254
4223145
4223254
4224145
4224255
4225155
4225255
4231155
4231255
4232155
4232255
4233155
4233255
4234155
4234255
4235155
4235255
4311154
4311244
4312144
4312244
4313145
4313254
4314145
4314255
4315155
4315255
4321155
4321254
4322145
4322254
4323145
4323255
4324155
4324255
4325155
4325255
4331155
4331255
4332155
4332255
4333155
4333255
4334155
4334255
4335155
4335255
4411155
4411255
4412155
4412255
4413155
4413255
4414155
4414255
4415155
4415255
4421155
4421255
4422155
4422255
4423155
4423255
4424155
4424255
4425155
4425255
4431155
4431255
4432155
4432255
4433155
4433255
4434155
4434255
4435155
4435255